1819
623
1324
1717
1528
945
631
821
426
1119
620
790
1821
97
845
16
1602
330
1097
144
1895
382
558
812
33
1166
152
1828
932
642
1336
897
1301
962
1488
669
1527
1808
970
1070
529
1381
1640
1952
705
167
1015
1054
1354
1891
829
845
889
637
753
1685
1654
1234
857
1837
997
1094
1614
146
1611
654
1773
1412
846
1644
327
1693
1142
1475
567
62
928
246
611
567
1
1841
1612
419
854
563
1024
686
1434
903
607
1668
1410
14
1034
72
594
1370
1527
1485
1698
473
1153
36
315
492
637
1491
380
387
231
254
1801
1671
91
1445
1106
1652
207
890
1186
49
1037
1261
1470
670
1935
1462
333
488
419
862
1047
1371
1822
1898
214
1493
813
1108
1193
1187
1910
1640
1384
1354
605
1881
257
628
882
1678
1649
1990
56
1372
1774
1402
737
1312
369
861
1572
41
1457
438
145
64
1402
258
1035
918
301
1273
932
1752
1553
718
1463
449
1239
1464
654
1932
747
1240
371
629
454
1382
820
1563
1200
1308
63
1091
1987
719
685
1916
1451
1910
1708
1403
1754
264
533
1843
1112
1862
1948
18
487
834
485
1787
1076
1003
1747
1723
794
1462
1803
490
240
827
968
625
51
137
408
482
62
1382
420
1848
1557
1142
1325
1084
1826
327
1905
1937
1334
1336
988
156
97
820
699
1972
749
47
700
1634
645
1291
1586
1253
1219
1255
1525
197
262
1637
1718
177
1682
1255
1871
359
1154
373
73
1168
856
141
7
358
629
887
864
178
1844
1812
1706
1846
593
355
1570
1444
1032
943
568
9
935
1961
470
1658
837
1437
209
441
716
771
521
1924
577
229
1211
1738
517
1240
341
458
916
1449
217
1003
1914
5
59
1266
1349
804
1957
1651
854
1780
1226
1943
993
1550
1222
37
1588
710
644
913
1333
484
682
222
1539
666
1583
1313
174
498
1245
1651
1283
614
130
1603
128
1387
368
1254
1798
426
1747
1099
1259
940
1682
448
1567
210
335
1914
1879
1646
1818
1573
1253
370
850
1417
585
1203
1242
1973
1584
1481
10
1834
779
934
1964
1782
1291
1616
423
444
1399
1085
538
1037
1024
58
1070
677
124
904
1405
1572
670
420
1041
1015
503
625
436
1618
550
1795
903
1933
27
379
303
1752
313
922
1626
1068
105
1284
640
496
1083
739
1796
1253
104
1157
1048
1614
1459
1059
1376
623
574
958
576
625
1688
328
63
1615
1348
1468
1692
64
1925
1260
1759
705
677
1349
1961
1150
1925
1697
53
1597
174
104
736
872
503
1876
340
629
352
704
720
387
1658
379
1748
259
777
1247
1815
993
626
777
555
45
1934
1940
1769
234
1169
1239
6
147
1540
1767
215
821
814
410
1009
1261
1665
618
1257
878
641
385
1322
1998
783
855
981
1183
628
406
1298
1397
1353
246
644
1625
1443
1370
171
1529
220
997
979
793
1916
858
106
1210
871
48
1263
1461
1983
1902
422
757
154
792
1576
1630
1455
998
1815
1742
26
14
1934
782
1919
77
887
1140
1595
1975
775
1081
1878
1512
1556
1218
1844
1238
678
61
251
70
1835
1514
1822
1447
981
243
104
110
1582
826
549
1871
812
605
682
1381
1951
856
517
1439
1062
120
703
1704
1426
1847
349
944
291
521
662
1692
46
930
831
1142
1616
338
1346
978
1948
1662
733
351
528
1099
1879
1894
1526
665
1037
499
70
635
1595
77
57
687
662
611
1720
558
469
1092
1618
1729
944
395
925
1949
1185
1126
1524
1709
840
1553
1807
539
298
900
977
1323
1721
6
1850
100
1822
827
412
1148
867
689
1322
1535
1021
1108
1228
907
215
985
848
491
346
1405
699
1869
392
1162
141
1618
1320
482
1331
1746
331
619
341
170
1581
1752
1503
931
295
1040
1390
496
226
334
1424
884
262
756
1101
1517
1024
1852
1205
1697
865
1452
223
1683
643
933
849
1314
328
1144
733
175
91
726
24
1624
1863
1123
1270
1190
998
1862
513
239
497
1952
1257
249
375
198
1621
1484
1849
1948
1687
1843
562
1392
446
1263
643
1793
533
1127
636
1994
713
1599
327
1806
1431
1460
703
385
1700
1506
78
209
262
1090
563
736
175
676
1778
1775
1179
1685
838
1048
703
1100
1250
1480
1121
1558
1317
423
1158
1116
139
134
502
1295
688
1379
460
1968
671
268
297
1661
1785
894
1833
1275
1554
1656
541
1453
1781
289
1431
591
1303
995
885
1857
1913
1090
1924
835
743
653
1845
874
349
1952
237
1628
953
1043
71
125
1260
1107
1028
759
1323
907
1923
1375
34
175
1291
1466
1319
1844
20
1740
1756
1775
1702
1592
190
185
170
569
699
235
733
299
400
1420
210
327
1904
1108
1398
570
1201
428
303
1377
209
677
1150
1282
982
1329
1268
1514
1362
1617
1905
1359
1125
1836
1319
1777
925
921
141
1986
1736
346
928
1982
1322
805
1987
1769
1754
1744
1991
68
1478
1607
1493
1372
279
1997
1128
239
1424
557
633
1451
272
1884
1394
1573
119
1806
355
851
804
1169
1299
1271
13
41
670
376
408
1929
1949
478
710
891
980
1642
384
380
1140
1328
1561
935
1617
1346
1235
844
1166
682
685
1181
819
1187
1210
1109
353
836
957
1429
300
699
800
1645
1927
1522
1732
819
462
993
339
1891
1052
1632
81
3
653
1798
673
1985
1710
83
1396
1771
161
502
620
859
1772
1484
1822
1469
544
1174
1478
1518
472
1397
213
1892
1576
821
1253
1812
1812
1027
1149
116
1250
1036
623
157
40
228
719
220
367
608
895
1301
1226
1040
1141
500
191
428
350
354
563
122
1723
1697
1957
1674
1113
1861
1632
1486
368
190
1524
328
1601
1829
543
1138
1426
1235
388
53
694
841
1437
918
517
127
813
1859
1195
1565
1262
358
1996
431
793
867
181
136
933
644
1070
23
662
1199
795
1790
646
864
1490
1173
1682
1976
871
1498
1051
1618
1634
1234
1597
1598
1698
721
732
316
1083
290
73
790
1115
67
469
506
1611
576
765
963
337
1883
67
1187
369
1221
845
15
1028
1612
774
1559
817
768
355
1360
1175
1331
1873
1648
1117
1021
1689
1813
1088
1433
821
643
1836
1952
1884
152
1238
992
281
1326
1702
840
1130
1740
402
1427
724
1097
1685
1822
1236
206
1598
1736
1904
23
677
1349
940
1414
1224
1215
1881
291
1140
505
1864
1316
127
1297
1452
69
1858
802
1741
389
852
1171
104
1645
194
1776
1667
1997
778
467
223
1140
1463
1630
23
27
967
1111
533
719
999
1648
1140
410
1760
610
416
141
1371
615
729
1532
1936
369
566
1366
1404
1385
709
719
385
1895
1377
1435
167
363
1085
1818
240
55
909
1067
1913
857
1749
862
1981
264
1416
281
228
1770
962
1926
680
111
481
1752
1704
1694
174
1737
1285
826
1130
1
1945
1121
1267
1589
1128
1281
22
345
239
1415
478
1875
809
1558
362
1342
1569
320
989
1063
1905
1987
319
1608
1465
1779
913
319
1259
1248
606
714
258
628
253
609
643
747
802
559
364
847
1636
815
1386
463
1481
1727
1366
108
734
195
1023
432
1747
601
675
1723
1283
325
1334
267
1505
985
1142
71
397
466
773
104
262
1041
1605
1605
314
1364
818
297
1737
385
1560
611
328
62
902
1498
1249
464
1834
1723
1255
1359
124
1393
343
258
903
47
538
652
561
428
1783
850
796
1036
565
1879
165
535
350
327
362
265
832
1148
857
933
893
1424
1827
70
1522
656
1983
516
1300
1369
955
847
1670
1362
1117
1692
759
1798
423
1257
1481
1868
457
302
540
37
1073
1697
1385
1233
1949
1622
427
1438
1057
1378
839
734
1156
1594
204
1875
1013
381
1493
1786
1355
1450
364
130
1161
1007
1721
903
193
1408
1799
1776
1823
560
600
1825
166
1151
1583
77
728
1217
1771
1547
1503
326
1827
1780
1433
1787
940
1367
1728
572
88
1881
183
1060
1353
1660
400
1955
1555
1531
1018
1562
848
1535
856
1686
1597
1105
1165
1351
1265
45
467
1308
445
1583
380
1869
975
572
1167
1125
401
432
1524
1609
1550
1503
603
1241
69
1978
1461
1043
102
1745
694
1502
697
287
35
1145
574
1062
22
1520
1934
1784
1904
1448
1617
1327
1886
1065
1113
1017
804
869
428
1732
805
1480
1551
1570
1829
510
1709
1209
662
347
1639
122
670
1803
229
315
1034
1527
1131
243
1676
1360
1830
130
1279
380
470
155
363
1402
1558
1487
740
227
1334
742
1181
255
1610
1436
1850
113
731
55
179
1489
843
1328
1908
1140
1798
757
321
729
100
1082
743
1330
874
728
398
141
512
611
1962
1022
1502
1307
1057
156
320
1231
1815
517
1257
1368
116
222
1555
570
1352
1018
196
1250
901
1702
220
411
1834
143
395
212
272
369
544
1062
844
1118
1979
740
1781
327
1876
948
1632
905
165
612
1783
471
290
1930
1417
735
1977
253
1867
1884
1316
202
1451
1864
1628
691
69
924
183
794
1134
101
674
1878
1534
260
250
512
443
1315
1971
1837
544
703
972
727
428
1958
202
1930
743
1454
1776
920
16
1712
560
602
673
303
1276
436
1172
441
1429
1508
1631
857
853
199
1178
710
631
647
1121
987
772
1492
661
1156
1625
1278
1533
818
1875
444
555
1371
93
1549
441
1169
1152
681
785
221
201
850
796
840
329
828
1058
118
630
838
160
959
910
1653
1672
235
1051
460
962
1049
1154
1049
1953
1309
1206
270
400
1284
1610
1035
266
1205
1059
1749
1897
1589
1435
1781
1399
1303
514
1199
1408
78
783
61
1785
1424
69
1544
1145
1226
1888
1379
293
1082
431
148
1690
1549
251
1071
1955
389
869
640
1771
1766
1743
309
652
1629
1168
774
630
717
459
226
763
664
1385
743
1927
679
962
733
125
1094
267
448
1884
1183
1226
89
1088
993
1093
456
933
477
8
1727
999
460
1589
1006
85
720
629
1110
1347
182
605
1980
462
1413
892
205
1115
1862
16
1464
1545
239
1273
1037
1605
366
1461
80
379
462
1434
665
874
1161
467
1515
977
203
1746
270
1493
414
1363
1500
1412
631
1841
1557
1332
28
497
448
613
1377
1628
30
1221
494
43
684
738
1358
715
1077
1050
1223
447
1809
1934
177
501
1039
85
1444
145
1098
1085
370
1493
363
156
942
482
26
1140
264
72
594
1813
1543
1897
305
989
625
1372
968
1002
938
1358
53
1696
1414
658
747
1686
397
1993
1563
75
1354
1917
1937
278
1167
1719
477
91
1129
1
796
473
1420
1541
1906
1168
667
1476
934
128
1014
722
1995
892
1024
63
55
62
1979
1185
274
324
1602
1228
476
1928
1907
372
714
1197
104
938
1695
1653
1425
1281
1908
895
799
1540
1764
894
383
177
598
1077
81
349
1207
511
868
331
1955
